1.099088895995873 -0.24666304442221199 -0.8342624109345499 -1.197693780706483 -1.0309640718153097 -1.8351030701298716 -0.10882753592280896 -1.8314885297203347 -1.3157209019330074 -0.750926033220065 -1.3021512845229324 2.8266786752727944 1.2691862301946144 1.0073682196426643 -0.2620640514498683 0.1436803707506583 -1.164725716064367 -0.15086551699828632 -0.9238423891438351 -1.458313026096158
1.087208790904029 1.422952144668821 -0.5286047741125512 -0.5209558470660552 -0.5339309169371129 -1.6143581148229749 0.6179677061951926 -1.5248253907542835 -1.3907077014301508 0.14345073743338166 -1.2770423029307407 -0.4865848721947785 -1.437440463772191 0.31633918032848163 0.9813604474689925 -1.155463247211723 0.04950496563566594 0.26966901556148815 -0.37466755604784463 0.2210012484671425
1.1826816390686004 1.3635393360976864 -0.8504405318319432 -0.6607947465094965 1.6202707963955425 -1.7265414414280704 1.0676656362356722 1.4517354341629973 0.6199963954821298 0.6204480936593223 -1.2348293213886306 0.2726938540813439 1.5161417014732566 1.1486274584932477 0.7583183792460555 -0.1625838652596795 1.2457937107171781 0.7361537802449891 -0.33850520690416563 -0.6341464136007621
1.0012364271061727 -0.04567833502145388 -1.33235202635571 0.20180871068789108 0.9167388371270163 -1.779617233353573 -1.071574672791298 -0.2634293884447351 -0.8634957868510801 0.4728401030774427 -1.2090685641370575 0.7323484470751906 -0.8846615270124805 -0.30779518537008727 -1.2187153902476024 -2.4303998740111235 0.29108179799030376 1.6465485273758629 -0.42493196613632206 -0.24764183899035183
1.0335508023668345 -0.8098864509324503 0.9253962192923912 1.378907058899341 0.6562017716805075 -1.6310499693571645 -0.1982835779057537 -0.5916634665949762 -1.0278109973683287 0.643656366723796 -1.0944922064715832 2.0529418248280926 0.2859338221417889 -1.421422614051603 0.5320038929491938 -2.0764697903946177 1.2662444289933854 0.5593939113070088 -0.7467157616873462 -0.24318435446220996
1.2547951498715166 -0.94485039363015 1.8696070670728848 -0.5916864715376894 1.3115260589594162 -1.8715424308040942 0.25297248574131204 -0.3227045897814181 -0.9051259868879552 0.7201852098215006 -1.4080089766262098 -0.8609055510286623 -0.7313260717331528 1.0966149883531515 0.5507333738446888 1.2684005809122048 0.491910657347525 -0.07028895973916169 -0.3762047510637778 -0.7827548907427353
1.3375916068662432 -0.060572082927205846 -1.0154393708648168 -0.35437350465263073 0.08037535925694746 -1.4954999173625765 -0.7894651173830852 0.11206440121114172 -0.03206910911776874 -0.2125664467841782 -1.1343695698998157 -2.288851886698191 -1.3696555803816255 -0.45993639603765724 1.7756280143630268 0.3493322256243513 0.8573189233202223 -1.9748405790787795 0.6372787286827456 0.02131730846569416
0.987246197394163 0.3900294118447935 0.024000269787699955 -0.6821588475854479 -0.5868903036726061 -1.590204725057571 -0.09417070085248255 0.8808366812449329 -1.752712982231012 1.5353231417275748 -1.1048264771685048 -1.795376004023336 -1.9810829687411036 -1.070911097569064 -0.5053959682026079 -0.039376244357780754 -0.17361855848188285 -0.7798852163830954 1.2414414689442717 0.13824609329125534
1.3588647068700734 0.7874605357078778 -1.718256475175298 0.9248932159274749 -0.755169608285109 -1.793356621942835 -0.2149304228672407 0.246956939109527 0.011839245703085768 0.7879260666757589 -1.3270787860428308 1.53548433243203 -0.547541854592222 -1.935784348131412 0.7619908089816114 0.6873412044525714 -0.5011551211907442 2.7099478789956066 0.14654089616752036 -1.0770599217382335
1.0737447089223127 -1.1030115534468894 -1.7258428161727948 -0.7558118920195221 -1.4835833315651958 -1.599315760442088 0.5562695803029535 -1.502166414068974 0.4811072248966481 0.7130444836973424 -1.2209253252444832 1.1060591533468946 1.5881128403461837 0.3768014713243114 0.7899972882860297 0.6033214632302505 -1.581712046793056 1.4933901226387671 -2.7072122736417747 0.3257652110077599
1.0883409361342347 1.028720399016026 0.7006466770476184 0.4852959566786826 0.1394612129460591 -1.6399767875919447 1.0878271630144696 1.4936913767228452 -0.7489029856578281 0.6860907330005546 -1.1486293646515022 -1.5122471650911906 0.6776111346178958 -1.854268242754215 -1.4075229314366793 -0.8187665879583285 -0.14948835701843335 1.447095533621725 0.01893507601957785 0.5873615931813523
1.3603844494580697 0.5645767759901844 -0.4662562573214648 0.24365138312927467 -0.8814298314706597 -1.9490477008119418 -0.7649993769349491 -0.09259783299484363 1.3697778030316095 -1.8408474283648788 -1.3070881126953906 -0.3106489514484608 1.5558765155006187 -0.12918861415645233 -0.3366581062060738 1.3275399647263446 0.15029499581948969 -2.0597057424360634 -1.31429854388461 0.2655720035923924
0.8943842892180066 -1.9303889284541316 -0.6856485279251824 0.20032998570717564 0.5272311863611016 -1.671528878433407 0.7347180666462402 -2.735569813205545 -1.203808368563943 1.1936532693894433 -1.2173796371796757 0.33819912471717767 -1.066052095032469 0.683207325662214 -0.9644247640091754 -0.8141082198336984 1.2274598738248976 0.6597897413501022 -0.024904464512655985 -0.40099934224784617
1.061859024379547 0.37393715780051223 -0.014536918709662715 0.44625305291024403 -1.1771666697287235 -1.7272740280537542 -0.15150379645984935 0.9935143848761208 -0.942896219322535 0.057762617759270975 -1.277155780451437 -0.28039958776450224 -0.7743865658448522 0.369682315758876 0.9063686051206388 0.22007429348793112 -0.023244855726856743 0.4790958398689482 0.7556977167507835 -0.3909889419260142
1.128116957668485 1.336196457648147 -0.6358776077739506 -1.0283841415142774 -0.1718308611826749 -1.9502148435785849 -0.4627359750398703 -1.0289847005244102 -0.40625304192793393 0.747398126217918 -1.325063226204113 1.8315374739055736 -0.665033968921241 -0.2505804929998065 0.8270164139374762 -0.9693288670742976 -1.4905108215934153 -2.762958410197157 2.0337335696241223 -0.6753589482769072
0.9676927168760411 0.548843076419186 -0.8305678295224113 0.6098854533330446 0.774480719854285 -1.5689771906729104 0.00907864799393798 -0.4394260535546716 -1.714160700449468 0.6033217683265699 -1.3908102994518539 -1.9996801406499942 1.7513381673424697 -1.4898271857891268 1.6158246430776249 -1.4816559099856408 0.7228761349565171 1.548195549425823 -0.7941191287005332 -0.30978257455882385
1.1543298259342398 0.08364876467386606 -1.5510573040304092 0.7506546184493007 -2.578816504646034 -1.9084734819862967 -0.6034477302814588 0.15955919034737798 1.5510345241431571 -0.6369634395054402 -1.350070632852575 -0.17252868471032845 -0.3349210762076745 -0.9364481269634082 1.4123188959929778 -0.910683225014231 -1.8335055270066118 -1.713467332335483 -1.2776025056325824 -1.2087209568092228
1.0919443333322683 -0.2620292664140072 0.16432810297754155 0.19298582474673967 0.3015508221664779 -1.8549892010156777 -0.8826025623314357 -1.1373276189543329 -0.8267898913064801 0.8116541893886263 -1.2671823249613057 -1.4236795241227365 0.28538879177549287 0.195476771588323 1.5423791720321889 -2.4952838697009194 -1.5027456746335677 1.2149846895136764 1.2913391104426217 -0.220380552820056
1.1829894388070066 0.34236812361579005 0.5161298607479383 0.07391071139818084 -0.010728399544741623 -1.8466814347212726 1.4979781880071923 0.7947878451717265 -0.593644588438851 0.7662496909911374 -1.295413405821077 1.3453429486481598 0.6238028611290151 0.08305223030909188 -0.0931820119527552 -0.028961465868031548 0.8646512684701951 1.5925461676058021 -0.4363925002220842 -1.7662095920502048
1.2730264700946865 0.15753524928311885 0.5370605420124835 0.24811455141631214 -0.21842659074746826 -1.7357693777422165 0.17863877632931768 -0.05358739668288247 -2.178251614776436 -0.9572796348937032 -1.4207908698470169 -0.6469416516900844 0.9935401402240772 0.5924297943058984 -1.2139305121499206 -0.107553543514612 0.9024675102146942 -0.3011879338843263 -0.7285397160820152 -0.5935599053633858
1.2632364407787953 -0.436149789323424 1.9035007837677855 0.9337259367393568 -0.7754793422802375 -1.9345180531362194 -0.3365012421152699 1.0594445207216687 1.7463874606657332 0.444979905794531 -1.397550116265162 -0.9628916232000645 0.4144629455029446 -0.6628194364896653 -1.455560639366615 0.6292646069981332 -0.1609833384158012 0.09555036867483048 1.7630998098661057 -1.538872882186384
1.2319581101510306 -1.5165929721977713 0.9778176339880287 -0.40258196589432554 0.7073371972052205 -1.8486610144155342 0.25881185019419334 0.18820666959781246 0.41884317103624863 0.38873793083902947 -1.4531665836964256 0.7210838911021428 -0.8854812752419833 0.34484649873785256 -1.1831637642535813 2.466215834868138 -1.6898879074675053 0.4145157906515184 1.3116857176595726 0.675377626206397
1.1750686492758897 1.2091433538584022 1.0812627322606347 1.6672916774650237 -0.40470490784916774 -2.0298769117500712 0.7265443189214243 0.0672506884346169 -0.7853754749999737 -0.8549392755109733 -1.291818522496972 -0.05287580333873431 -0.3781912401821272 0.524058501670564 -1.2476808992765966 -0.2551992585070126 1.0528795268042503 -0.26277181260266036 1.5381427770565461 0.7327456267021938
1.156043633941488 -0.708953098192337 0.2428262016623264 -0.42262917261798805 0.7336637416788208 -1.7488548225229676 -0.11783642963695115 -1.1092790395251266 -1.6933385856155045 0.25938538056124544 -1.3300348317712647 -0.37727027411059894 1.1005267420866447 1.6443424973870002 0.9439362402238514 -0.3735773211274668 -1.2296782228015093 0.8073359056478374 -0.4445575258233573 -0.9918651451066087
1.20812246075168 -0.2813660781776146 0.4977310901570877 -0.9544793106659566 -0.21119880561368914 -1.6893283538763768 0.7138349357150552 0.04932630719527801 -0.9494087526508902 1.1332905628112604 -1.0606706439209477 -0.045342380350670765 0.5487385193893302 0.6079473980827267 0.6406175389609274 0.37563126675004965 1.4977026998765666 0.9611339009781121 1.5008586560127486 1.6230119283232232
1.0831139136569523 0.7295709050776844 0.17875228830752096 -0.8334352611966496 -1.7697273897283434 -1.6523189785092918 -0.14666091939614023 0.8681478049155897 -0.15563545384129462 1.0286232485001892 -1.4845035567527178 0.09278194652018545 -0.8225346339084825 1.089395129558647 0.021807460358322643 -1.1976325493845041 -1.3976808198589632 0.4350315876629357 -0.1124863571721432 0.1713912268259271
1.1396925927828174 -1.3084655464207515 -0.4543521764522472 -0.12795373278407457 0.7134796316534217 -1.6473825403108655 0.9344872021315808 0.012637160994943643 1.1666383937562022 -0.12312091613371008 -1.2118210464248609 -0.40982272708723655 0.9383630585736843 1.0153790644010046 1.3322348964646933 0.19355169135175782 -2.090286741336616 -0.625451788827816 0.07330005820687352 -1.3499196956502786
1.1717367172214723 -1.2841633414299174 -0.1512055601359784 -1.39999399512062 -1.2682574920985792 -1.8289156343819803 -0.5175991286403617 1.6829685103205867 -1.3767486563511617 -0.30338403280582316 -1.4676640506814167 -0.04020564264743444 0.24918974351595935 1.4345227723505913 -0.6281893940482112 1.129321442516973 -0.43566962182546637 1.0368933549809056 0.5500178448793737 0.8398555249352876
1.211224696921281 0.44010463773118524 0.05191224415950212 -2.3979978830282964 0.7156523163135481 -1.865599205305105 1.4777441440960213 0.5465128498603179 1.1929495790201037 -0.2877518731353965 -1.5110271820082062 0.3761740794602757 -0.7863914488562704 -0.057781712498548 -0.9661218083805413 0.7146009366192528 0.19391680952442342 -1.5760754425439827 -0.6282869034783051 -2.3057801147518866
1.2003547312340543 1.3230361936243609 0.6484208716838441 0.6384876352339426 -1.0098718888473885 -1.6309745736797507 -1.4282705393270765 0.7470672730213059 -0.804313329490656 0.12867364350914232 -1.2310976780511302 -0.5048613667582089 -1.7031326310371502 0.30716167833981645 -0.889847283041545 1.557988155122747 -2.497547804564042 -0.2219010471507064 0.8151639973112901 -1.2651182722710905
1.1755218300824337 0.13594398047268813 -0.1631410750399949 0.1450437610702937 1.8333391615713996 -1.9341060670318222 0.6609877606526054 -0.7753821712224538 2.1538103154362163 1.296631935788896 -1.274244305332311 0.6805502050859974 -1.7228280222160823 0.11233905707462168 0.7613934977952733 -0.8060003692932813 -0.6425307886962368 -0.621048863900259 0.6131475410453432 -1.670784845756361
1.111478086706206 1.2609617369326456 -0.027305977510693302 0.0036372456152650385 0.5706817832005961 -2.010303575079321 0.5316054905670369 0.7336215058193437 0.3173274130849416 0.9824020272869135 -1.4067629220608378 1.7462761003660814 1.9663379629864703 -1.0811256423135944 0.7569756449683802 1.499306309451898 0.08938520837495453 -0.20113095950025375 -0.9537414490310088 -0.23756915565379555
1.25010266632959 0.8104016670741021 -0.6537486086289525 -1.0364794452173902 1.5213786797288316 -1.8232171106793118 -0.4824255991637072 -0.4543805042132454 -1.6828531645235782 -0.7190698617033152 -1.3553732423278937 0.8872560354962041 0.4787237089189255 0.8666930561118926 -0.8730223734613568 0.1631950323382824 -0.06861818959201071 0.8462076030155791 1.9111547938149327 -0.7480441536483362
1.1915486594212457 0.5996441795686145 -0.17338629568018696 -1.2177169107648058 0.6749670582697398 -1.9363817213077248 -0.6604600906483638 -0.5136410518259318 -1.7315975484721806 0.1184944922806607 -1.4147702137977054 0.728271494063939 -1.343867487596182 -0.6086831183316409 -0.2771742396912113 0.3163995334316023 -1.444618965177417 -0.21884327792223005 1.5471089186455707 0.06868920838013622
1.1530883314849183 -1.7773488207932076 0.08857356568715018 0.19271909693076672 0.9734226901759454 -1.8379275125070678 -0.22894399949298003 -0.24320797036033373 -2.2372031083332944 0.40650941833143195 -1.2923823433102408 -0.6949289209954805 0.5484717955761169 -0.8041360981605733 0.7904404883148405 0.22602306303560663 -0.6641784827580512 0.7222794950443421 0.8389835988150006 0.187245027359141
1.3569926003066088 -0.45397163074894675 -0.007665958010079553 -0.3973434308883443 0.5522857062668352 -1.8495165096280026 1.2167828189772214 -0.8319340832362007 -1.817914066186269 1.1958556059527248 -1.0892801761708724 0.12401204644679135 -0.18131032846343187 1.3180850339914363 1.029896396102145 -0.07333039268258013 0.6154588857453145 -0.17263970769227957 2.5539729544121346 -0.5022769223211742
1.135329263246689 -0.8209215748407743 2.4353889355733638 1.2635197634952935 -0.15245650643022102 -1.814082513082039 -0.9389153469412673 -0.9566552848826276 -1.7556529396013867 -0.009337848230773362 -1.2804402953500822 0.6978749294871375 -1.3490054954739465 -2.805660306667026 0.390560639129567 -0.9726045903637546 -0.5348082279312388 -1.266399178354204 -0.5437351756157134 -0.5760063603347496
1.2051579524313358 -1.3213043804423967 0.1355776585619792 0.6227660383946445 2.4678889522691363 -1.761321859784709 0.007292886275772609 -1.6104572934942842 -1.1364033036298373 2.159930221342298 -1.2673627872906026 0.3688082883411523 2.418707237293697 0.031054300513359803 -0.11146157352404958 0.8442993394849675 -1.6119095850429204 0.0159013262450673 -0.42094807303953363 -0.023131526360552306
1.1219279332795669 0.8054849608242217 -0.3767938910780535 -1.044928977139717 1.488457847643393 -1.6287428448580838 -0.76253189668257 0.12307424813809402 0.04148822932125055 0.12344985092744303 -1.2265441752165545 -0.8914871667720022 -1.0155477466651874 -1.3831348598979496 0.8083334559827797 0.7950335176125203 -0.6762058905112054 1.1990002714447285 1.1060876280906127 0.21710954241918154
1.0203239812645757 -0.6738246179733167 -0.07591649208072775 0.7486394235956432 0.77217021263414 -1.4882299838013535 1.2773528925112936 -0.7095631875931138 0.49635280184247527 -0.24928921871776566 -1.3067778220610509 -1.8924253835838756 -0.5672448821145897 -0.8191302118191094 1.0915781867717342 -0.7375229760526878 0.05013722483957303 0.8893480414456919 -0.8161856683658796 0.14802854206347443
1.1361072364999494 -0.6521926394863868 -1.9369335812967197 0.49393212942615383 0.05588054041980715 -1.4836512596334737 0.11930105541699289 -0.3778242251596102 -0.42760493519810705 -1.022696184850796 -1.2661562212072701 0.00924182623009801 -0.6212801542580155 1.1060190906279017 1.1686940044688288 0.33433006392238185 0.6093563448190471 -0.23733679908809607 -0.03358976018161919 0.4218481778639026
1.2553370334825062 -1.1561450203506982 -1.6444616756699708 -0.5931053053137222 -1.936527904673806 -2.043321906919191 -0.2948680900763937 -1.024994381837956 1.0665159350939333 0.4262127308200306 -1.293924125450378 0.39514875247345904 2.04469793654237 -0.6844680469802966 -1.8960977367983636 0.010557425816259224 -1.5814479298252777 0.9679693701286308 -0.0836046958635755 -1.0645599376538961
1.2767428401959278 -1.192137709475826 0.21129954479763946 0.514911135678454 -0.5613364056110021 -1.894880202918609 1.7752890171315416 -0.688049725925608 -1.2255608217562048 -1.0501448428020943 -1.425287993272953 -0.29355418197565225 0.9962379768477498 1.1689212266553686 -0.5034068952602786 -1.0526142081340035 0.17388073478345917 -0.038110395307589195 -1.675345407593071 0.04352100069811989
1.1719409674074386 -2.7991416085299186 1.0668822412462828 -0.0928290666562537 -0.054522872637189045 -1.7147983782971146 -0.19830644931615654 0.66238758667628 1.5132365313976122 0.8124365994138567 -1.116412831687525 -1.4809916197223338 0.8269346396623997 1.0437102318846652 1.6978253992436914 0.8729877377554712 -0.5331344754198171 -1.4174744011820795 0.6435459120042045 0.7716386861927337
1.2221366473924407 1.2681861403186472 -0.4345008249797614 -0.20039901574422767 -0.5690353277978843 -1.879128236878917 -1.2918120895384475 -0.2678109028845758 -0.07586086788001681 -0.43918819258990716 -1.3986083827832696 -0.33061524895517147 -1.204321186845649 1.510464717705844 -0.0846052704231614 -1.3352068563661272 0.14619615085703708 0.32945698139667634 0.2063704060540347 -1.3760920202615357
1.1424216914217042 0.023329377159126644 1.2419380119253105 -1.6576245756577475 -0.5395159618357505 -1.8171811301498657 0.1250989798245103 -1.832679294926529 1.997699890064551 -1.585303064944239 -1.4182740566692278 1.6007963947372172 0.8451668724040776 0.4637596539299152 -1.233037418950033 -2.056569321454144 0.23273540656947533 -0.6013798893081329 -0.33299960524211564 -0.28144554840914754
0.9623483821029534 0.49543784537679664 -1.6178894770256498 2.0603733419441554 -0.16527108546137118 -1.5778704194875532 -0.06424774117553043 1.2078822063190766 -0.37900933993381236 0.4223220156404644 -1.0725276322759736 0.19347928255469596 -1.430182011266197 0.0531438159375261 1.2706088675818403 0.39118587273877287 0.42542889855323024 -0.08982704939280559 0.6717754382620075 0.9060278026509372
1.029115932420276 -1.864185121236201 1.1228242116265073 -0.612372417899549 -0.2687763643666784 -1.6018920912563523 0.43177180174897273 -0.12545723534299788 1.3449868271708907 -1.2991304436972793 -1.12440189548174 -0.7645626913337075 0.20203671996784006 0.6203948669071964 0.6831752156212731 -0.5414282866469788 -0.09050949243318791 0.6239630595091952 -1.7527703692511065 1.1943228142624385
1.0431124697737484 2.086011554844798 -0.7422933082583706 1.184281293647419 1.6304349003803549 -1.6910304589261216 -0.12423575801524313 -0.08271594890423575 -0.38618915902545947 -1.9124804634230168 -1.2183571593225033 -0.2907327838778137 0.4208472178919194 -1.0589186726417512 -1.6460339716695833 -0.4134337764765213 0.45011350675432676 1.970293232340793 0.7821311538943675 -0.6940091447043346
1.1209849705219106 -1.2440077175290185 -0.32914712658792517 0.811431823872733 -0.9784870372572652 -1.6322852479607108 1.0372647887468867 0.1472726078482188 -0.10668179296862441 -0.7271687418883863 -1.0598664799715105 1.452194722943001 -0.5435992736198623 -0.3757144449336163 0.1428115920731984 1.3391127418538935 0.8154105980209704 -0.14990255508407996 -0.6528384343420451 0.47500079033098286
1.1674601085010254 -0.8480551862807568 -2.124716470726302 0.7382667489615055 0.0280470347620058 -1.8669926014833427 -0.7459337200748306 -1.1185704768636153 -1.0535698919631415 1.3640469691788302 -1.3027643230674597 1.6545923815493868 -0.7764137866027057 0.3955698309438055 0.38554533698467264 -1.0086440470518223 -0.31924232367835803 1.6709183394476324 0.8114782057266638 -0.9968161905922099
1.0460694887519442 1.171479660501019 0.8015909551178183 0.020385719116800847 0.7890947344992196 -1.5892152867026903 -1.2076096658027258 -1.2381183357361947 0.7141240330322214 -1.1965865352987528 -1.2438167988014883 0.47462589973932545 -1.573426956524308 -0.5392738497391869 -0.614241862177667 1.5501286579652909 0.7919899921609868 0.2888694238770681 -0.543492917317366 -1.1145639194011434
1.0146610991919245 -0.8485819164653873 0.6128970186862835 0.8397645332466059 1.1938058216307739 -1.7442943394297061 -0.5747665207087733 1.2391267681159586 -0.5998659950805653 0.16514042934939546 -1.4325009959910626 -0.9783989674448493 -0.4128288539194882 0.8541704019724018 0.78160257822366 0.1292991401261049 -0.11528485869242108 -0.3139309141660734 1.2240482787604225 0.8721947326212568
1.0365888384813235 1.3851692451173925 1.587783482299609 0.03790609521002952 -0.6663806456930617 -1.6458283901707302 1.042208885075451 -1.236656339016102 0.46029267573733595 -1.1856864978230774 -1.3076454067728815 0.6053098887467376 -0.47482697901081217 -1.6862087153334548 1.0860253040531638 -0.618640345010501 1.1526757074747742 -1.3112451764741946 -0.3561937814403672 -1.7386171982110719
0.585928733977424 -0.06506579323075365 1.4048416266125312 1.0438061386628237 0.0705104847021739 -0.9737686065099657 1.5182716559155294 -0.805420158217599 0.8664327840630719 0.21260851905422923 -0.4171623437993496 -0.36703304110074675 0.7584338265913722 -0.07437549912765055 0.43610216756372383 0.004251253716035512 0.716118218284361 -1.487539335146653 1.1534837512772735 0.9476469011610594
0.5672176029179679 1.0569129633293877 0.9235692654145259 0.1467595832463996 -0.00867298975389198 -1.0526259769190913 2.14834521070476 2.2808103722999906 0.6651926631479421 1.3453394356781376 -0.2644796345950892 0.21558616068497036 1.5464384716675268 0.3071543124824638 -2.190558785857257 -1.053143322163194 1.2183706967223285 1.0918546249413383 0.6021420985121838 -0.31866974183322905
0.5678279006586309 -0.4234571408918986 1.2461535386816782 0.25147559075392806 1.8229859733899807 -1.1397285918258613 -0.8964839701708265 -0.6154931794526382 -0.5929571915042399 0.6065107839209846 -0.2764675526745087 0.29165501690473383 -1.0482089026382209 -0.32658960388421804 -1.4546056423463631 -0.5097880013340663 -0.22572029685496117 -0.7866722436518914 -0.5907918101912318 0.23220980671823752
0.606425506977781 -1.1911518496268414 1.194198395779306 2.566733638854147 1.2504341874024036 -1.1959449238770392 -1.4331036619223019 -0.031824399598441355 -1.232039085642993 1.1547150986301664 -0.33913867143647247 1.3988070984514815 -0.024737739682203677 -0.1814513515858273 1.3156344385562817 0.05660650327082229 -1.1626343831205288 0.3732586100696478 -0.2140801082001858 1.1426967909144479
0.6138647635511577 -0.9918421816670286 -0.19924939725641613 2.0762425015926174 1.551206645923125 -1.1702295592130232 -0.33124212752728993 -0.3062640815941887 -1.3218774440242758 3.1190352532854995 -0.4224848287266718 -0.6670864359146845 0.5444915379761016 0.29981330877317347 -2.3560267333890095 -0.28710398279696275 -0.3279221639466475 -0.6773135482637456 0.2307901272627037 0.26435065868051877
0.673790277350296 -1.1340174734672248 2.1575206570953 -0.49225468398440053 -1.7575894405010628 -1.2740818271681094 -0.757489272547835 -2.1026843298517086 -0.45315166286036135 0.5125333994281677 -0.5106832600236193 0.20251031646445525 1.4182060240591934 1.3567133074453412 -2.511191668059016 -0.0743459242957471 0.8204582170130857 1.3202824979467491 -0.2954703734731714 0.8244260244591293
0.420705661169486 -0.4905653804221917 1.05762005915402 0.7871674067064626 -2.0968577604630396 -1.029392655201187 1.4795725778610087 0.9561880791222453 1.2274525093674085 0.9034051369450777 -0.2745058733776293 0.7075484315195399 -0.46244430735419206 -0.06294323122616162 0.6292832010124938 -0.9568132031059307 1.1791732729065219 -0.08943000438687455 0.2442608575009898 1.1291037379050315
0.5569140864929448 0.14093320172361812 -0.2103898372752678 2.831598446007318 -1.1289646040707375 -1.0930835441197153 0.4150220313447821 -1.3010588015400124 0.47899243159204485 0.9209277195022558 -0.3668060827571418 0.1491866657521932 -1.2897453713975 0.9352336585145088 0.20993849180001026 1.8671659895176056 -1.295769489888268 0.07080121838448038 -0.7895619196925503 0.7452695217323778
0.4118179021873472 1.5953976803943553 -1.6131887677648906 -0.7669336301848927 -1.1242610777807098 -1.2905745205545884 -1.2595668756639598 0.26338359486961466 0.6995355858945691 -0.055101257461701914 -0.3474789348904694 0.4500613134930718 1.291915511065903 0.6039121450895275 -0.742133841594682 -0.4564027387399118 -0.693341022166961 1.3195825756480248 -0.8800498913218022 -0.7447769025771873
0.7126825601788368 -0.4574358291212653 1.0973980754283905 1.7244123952886823 1.0853983536072431 -1.2812471459456658 1.2094466824314538 0.12289714819320322 -0.7283643287270177 1.4828502316844907 -0.39064844916995695 0.6537837901153754 -2.742817636367798 -0.21284616653788158 0.34648294171046523 0.45022126183965067 -0.19764733463650383 -0.3849656587069652 -0.4258275447278219 -0.9618708628260964
0.68985306040541 0.4006763345555552 -0.8505980318746619 -1.0932967786454817 0.5625818322483547 -1.288394173684287 -0.01629363748736686 -0.6869052444502105 0.8009832814569945 1.5367146596791321 -0.29731660031263496 -0.8402304012463497 -0.7681699992193497 0.8262024676048799 -0.5541771452400824 -0.7205689504183634 -0.5807935021211456 1.1597146692101072 -0.8617269447756435 -0.19829781204084035
0.3701258447838667 -2.540054611555557 -0.21809180431193836 0.3552733868210126 -1.0336781467327936 -1.221883339787308 0.5559524605636557 -2.0607094715270233 0.329687460417414 1.9520939812265612 -0.4117458449811473 0.08145236669396189 -0.8091455725548236 0.9774586370572734 0.13810709405767194 -1.9245026524074682 0.29537749190556783 0.7808280308215573 0.938086643555455 -0.20997635879720603
0.5864225851291209 -0.09092868554429144 -0.9855399340925741 0.6904606041881017 0.15586788377430869 -1.0687754166377366 0.3378823687906893 0.2020067324853105 1.0153415186362613 0.591064147091911 -0.2651491538136687 -1.0003408987282114 0.23488031863283843 0.5444386792232194 1.6485752407012033 -0.5820403216113816 0.10789668145890295 -0.7222095430316964 1.9182474621226564 0.7852541832389393
0.6488959064122041 -0.20060412557317395 -2.1735400132358995 -1.522380300818259 -0.42935655535851197 -1.0664748110669473 0.12003301613470974 0.6936939111007251 -0.21801283531594254 -0.5230457793467137 -0.6040654322404682 0.7390805452240372 0.12086802919700142 -1.062390124581546 0.26971273380053473 -0.66991933210287 1.7730658912604544 0.7355688915181005 1.9380261847679614 1.624843312317386
0.45107737063559833 0.08422990107497323 -0.542262423072526 2.003022925336077 0.4386695270966823 -1.101665607430501 -0.08848157801737323 1.39115915102292 0.5562584705325687 -0.7430238286272717 -0.2620994365740246 1.429439715856846 -0.5708585018743448 1.8108131925372248 -1.406285663586186 -0.35777609486548817 -0.6203016265543415 0.014008817755321541 -0.18754492175900042 -1.1118174528331135
0.5342156923437463 -2.4904479679180445 -0.7293656217354276 -0.6451231066118306 -0.50505313012034 -1.176179256793868 0.598350877522226 -0.7267167697846372 0.435178400513857 -0.29162788834375775 -0.26930671299556985 0.7589177529176002 0.9275001310808465 0.7243795031468694 1.1858905930009107 -0.6278404020271988 0.5320903900478272 0.13427024787091738 0.7936751871462325 -1.0864271484046097
0.529725814558745 0.6331309214612011 -1.335553605905793 0.5143930678931387 -0.08254056398347243 -1.0154480705996531 -0.2535431048746752 -0.05048600239172657 0.22580928470259673 -0.8701501443886042 -0.25809773812822656 -0.7349871508887442 1.2396928221523935 -0.5235204493748559 -1.7153731423884786 0.8813970072638235 1.1857326233511465 -0.8758189191428157 -1.7308487824018461 -0.7830658090327272
0.5053239853431402 -0.725315915461527 -0.5290466552206731 1.5642111617951437 -1.4133636357409243 -1.1191515157845926 -0.9534993869436225 -0.2509802027859914 -1.1768026004635022 -0.5596702555316542 -0.2767971269814372 -0.14826249569270805 -0.34356804882482034 0.789623866698515 -1.2575782846938568 0.4777156291055209 1.789262860483053 2.7584764023658743 -0.05412731920895046 2.8988490497652473
0.38078373837244395 1.2975407987763188 0.8864996782690057 0.31363654744672 -0.737164376083362 -1.3045642132944126 -0.31939538944205975 -0.09609084544409874 -1.8744221625098574 0.8669990917320779 -0.27535508585525065 -0.3090737008914878 0.03506382626458766 1.0779921851256893 -0.7193258780352675 0.08807089038609588 -0.22797769914016305 -0.7691499895321982 0.565145978924332 -0.41043543313165337
0.4735352696969704 -0.025641885222425772 -0.1640924046140061 -0.7797995019994924 -1.0142321521536863 -1.101806200287171 0.30111612659137016 1.2776712423784589 -0.6482026542210088 -0.43727926155004637 -0.23568944134469264 -0.24829657975160072 -0.8088603616678116 -0.0822999405977027 0.3005611307012249 -0.7102908409889814 -2.5153568093612555 -0.42824739379109467 0.1696889322687548 -2.660663314968199
0.5098217484566694 -0.480526029128058 1.9817580486878412 0.2401983984521954 0.6947195138915015 -1.0301266973064325 0.08833798216166282 -0.8704454899009991 1.431609309247654 -1.6740929665231323 -0.377928827048489 0.3634838946472864 1.1261445474405771 -0.7082785682325783 0.34627937006627313 0.1142029660136816 0.6102622376911869 -0.03791340605525454 -0.11916394947680263 -1.0297715449361957
0.6091794978970587 -1.2535037257472919 -0.42914492949807875 -0.24931095060323163 -0.18493771489833677 -1.1824573599553216 -0.7391448255059121 0.955089977221111 0.8697927178471165 0.7246649248622177 -0.5105934655842655 -0.5640001714778295 -0.6644765323416156 -0.027386374624829422 -0.6845857878412127 1.6250973759333605 1.1960975874467616 -1.408683657044523 1.8513802667140982 0.18614716148019245
0.6228477724287781 -1.8235369876849294 1.1628003292295557 -0.31014719501790666 0.8811918414582937 -1.0945993393978306 -1.1852400492152915 -0.05817893826697128 -0.5899851840026968 1.1931590195299917 -0.24045178981721424 0.1809088942469283 1.3334811352757416 -0.1748812627009918 -0.9914730676448664 0.6826699538469592 -1.0114170854193245 -0.9894061599968856 -0.7658310847898379 0.17477761551049562
0.6610815411269885 -2.226035784895534 -1.2386648973712202 -1.1792999782553129 0.801887070981226 -1.2605723125675452 1.713156689598563 -0.6764428165359264 1.047075544142979 1.0299513324019967 -0.36013565186458013 1.484406327572075 -0.8893143531724611 1.505521728276074 -1.1975852542970455 -0.7037659105459774 0.39534151215430813 2.9070899376805577 -1.5064976767372444 -0.1452957495969197
0.511271008192328 1.4514048780413729 0.4071689147648809 0.3339869068323698 0.12236583721773976 -1.306987951615778 -2.3387410223734677 -0.1099586398004618 -1.0343252186900018 -0.0729009362705937 -0.49199651679418377 -0.2287812483285316 -0.9753437693937974 1.4876318616427642 -0.004619667187918368 0.09511673775040702 0.5923534154237873 -0.12826135000973415 1.5291913274476747 0.1350378543568837
0.6937294400636927 0.799080289948873 -1.3355010156229454 -0.7748742384487506 -1.1567903626955778 -1.364519766056791 -1.9438320395644912 0.2032772172031767 0.1600745000011082 -0.8804570298100145 -0.34726941350088364 0.5240102301557854 -0.6703494677408834 -0.46659417012753157 -1.715479628129898 -0.31117818826704646 0.022597296665652043 0.7743780348887443 -0.5547529381624273 0.6194571673755292
0.6222450324543695 -1.8994048160089396 1.6584330172955584 1.0361717600730955 -0.5686442719713515 -0.9773370032378508 1.0682532068062134 1.0900952635177 -0.7256909204196023 -1.2698811626986155 -0.23820272240280357 0.8995173076583247 0.3445859762612782 0.9588459214138273 -0.6159116364161314 0.9834166278180617 -0.584561509170531 -0.5810891949668973 -0.6126332904780726 0.48821747127798826
0.4495180894622909 -0.612775407202175 0.7802184970669042 -1.1443312987175773 -0.40128676988608714 -1.2313938487807368 0.5855069550494556 1.7713440549461974 1.343046833219521 0.4942657540802909 -0.4462096012525285 1.0668057837625 -0.24751650776038991 -1.373906941417731 -0.36272788418258034 0.07767565861589638 -0.8577170813900913 0.3807241840639118 -0.9856731363311024 -0.26003617340745383
0.5549340112106037 -0.7053841488170051 1.4390041318727949 0.8974830943011869 -0.01795409983768559 -1.1023409489471827 0.25046428760126177 -0.7157209950996232 -0.9257721061152395 -1.0052742914330854 -0.24328215740388198 -0.6666508944673933 -1.359797346580533 1.0440082906277226 0.39545877757258163 -0.7357566616681105 0.6720581002326426 -1.0328763416267681 1.479843232992967 -1.1091389948617503
0.5749649674355755 1.691043712235533 -1.0839167370855096 -0.706321098137355 -0.03568540621342863 -1.198347346031721 0.6501630196848851 -0.8535305313232243 1.5591513788370435 -0.30314835021209646 -0.23949085955341645 1.812648452072013 -2.2248107534866848 -0.7960047740448075 -0.9683785983742632 -1.6207688773404698 0.5350498636033298 1.2451282313392942 1.2756796927912102 -0.9440989010882841
0.685138597608815 0.30516314436408637 -0.021066618738477975 0.015742574790566975 1.6674894103656257 -1.1065929706321587 -1.7506705390119852 -0.30169663472751146 -0.5509903090033986 1.3798449676669367 -0.22979193781030027 -0.7879147322615023 -1.0248781057283707 -0.4900165761672368 0.7049855294276246 1.0907048159663961 -2.008309755268604 -1.7478793039702674 -1.4792630260665702 -1.2874434977267366
0.43914330426775494 -0.33589111169722297 0.4283642687176294 -0.18909978336508446 0.13063551046055238 -1.3534566533642325 0.001956989842540461 0.6369667820113889 0.04423153920456728 0.3671304932819063 -0.47635214443675405 -1.6428645053382 0.08491975067459266 -0.6879890212641229 0.9737040070640988 0.7580711630139176 0.03424412116585764 -0.24307284167151585 -0.28151572642481587 -0.8020609228530615
0.5770178633654557 -1.109702181590434 1.2160140138338658 1.0826063150516636 -0.32189215240887126 -1.2410214593944129 0.7202754650914003 0.34729040426161983 -1.0111718045669518 -1.7760492513534363 -0.27446415270994445 0.750877153970562 -0.8093608973319555 -0.5401986872351581 -0.8042714353544599 1.4916140568599279 0.4104176565183158 -0.8971318363747931 -0.4608306202056014 -0.25506364400561765
0.5050691961980124 -1.380668768885381 0.5644491967235574 0.9871261607587126 0.8679671797948559 -0.9811391699707935 1.5924440312460029 -0.06245743901406165 0.030672108780001765 0.6315227968023929 -0.341417641999982 0.1582759056528935 1.2351233155710077 1.8043725086790143 0.4482155205402773 1.328090937608312 1.4010767513493079 -2.1496786143327538 0.01717553795991847 -0.4651276041267151
0.515350778761046 0.8616599343035608 -0.25485628045616276 1.119653636784649 -0.2888191538339972 -1.0419952124345995 0.6263263892763588 0.25781439360993286 2.0515155954675 1.882037645188894 -0.1920365133364821 1.531690979666167 -0.8001133478978992 -0.40799934055644393 -0.4418667925969873 0.2873918381925261 1.3593460286232284 0.15475961542302585 -0.20403059798289416 -0.9776963685486755
0.548179452575233 -0.903441556694741 -1.3722954289620883 0.009339764100543001 0.9298705425579386 -1.2696571932137266 -1.5084837262508286 0.17935874190229897 0.4076824784443874 1.240007906575006 -0.3553837227462839 -0.5657032424064485 -0.5588566465467022 -0.3660233807837147 0.3812160750215294 -0.7217615530540317 -0.825370555484272 0.3605849204150609 -0.4933588714886088 0.49697326698792604
0.5523095245256904 -0.6777124193198608 -1.0170330318523788 1.895092825939673 -1.343736217755125 -1.224814226721408 -1.2322530542606152 -0.9584024035734121 0.25820057431129134 -0.5909728034874447 -0.36905493199312045 0.05551328964813844 1.160637499387432 -0.678628695899695 0.6753598607927751 -0.7225678657028389 0.3835747382029352 -1.8732390992278893 -0.8952008601676953 2.239674068301438
0.41760779149653887 -0.4676203252161926 1.4345045301486874 -0.9305460463635328 -1.5280737522129197 -1.0594774808649836 1.4319621453120581 -1.2103435278627004 0.38835041910825974 1.3985879132474126 -0.40662476474208553 -1.5474211357448824 -1.3138025108784537 -0.4127729353657955 -0.07341019932417862 -1.3597287118585428 -0.40955836763647574 -1.3962410421266775 0.38181788274001266 -0.29001109556507787
0.6954434720547832 1.620871991445528 -1.6134506082347406 -0.029624427006376196 0.3679603299252479 -1.2148485767159805 1.3992304371553157 -0.476391381818119 1.8380927935566687 -1.4210416204805065 -0.1586638562157061 -0.463051605162185 0.24414836238442036 1.0101791024776003 1.6733541051705134 -2.061846364323878 -0.13611493887810672 0.322373486419139 -0.7824392273721207 -1.2098608572853575
0.4977203552548207 -0.2572836808015242 -0.3956559884708912 -0.410860660713598 0.564211148952163 -1.2102515002216938 -2.211039522024651 0.11989921377772265 0.234895927522546 -0.9304895538226913 -0.3830122595455496 1.2853631702561013 1.4657139948577314 0.4640948547215452 -0.4173483027014678 -1.296313973615083 0.19501806763000892 0.9418265768030668 -0.6775446840497072 -0.08238671948502524
0.5388136176246224 -1.2117438005932526 -1.0385289570635456 0.7857589664950296 -0.32007903111871044 -0.9752880331001478 -0.46629592705745604 -2.079605501923206 -0.9275673434530053 -0.6278292576119686 -0.3811633956594843 -1.0480874469101424 0.4502950664321484 -0.5029652126877453 -0.7807352077230898 -0.3650104831514452 1.3424814363099065 1.0862312958493325 0.2033908946757102 0.11999720150032266
0.551659071209976 -0.6748810288805673 0.07426196115895942 1.0544941838192012 0.8024869723286094 -1.2114591463156985 0.021937862371049062 -0.33454889434179375 -0.9756219683440177 1.0000600324009703 -0.3138994777344987 -0.6199461337715432 0.16731486655275044 0.5781293605116522 0.6766531198422803 0.42630204231907076 -0.3285022580138206 -0.4082192931052117 -0.651765658466967 -0.22131887827180943
0.5762686499574762 -2.366784284278357 -0.3014765439543382 -1.6999444938148285 2.053232844288889 -1.1687380536961902 -1.168067143601502 1.0797256657633096 -2.0021131669453167 0.5833843161469303 -0.27882390564017484 -0.22537308523239014 -1.1784638651749126 -1.880781443332356 0.5623563927949217 1.1739634970907944 -0.09770321582800118 1.3065947979287174 2.188212260433804 -0.6276108461369481
0.7363960427652998 -0.26718651820378697 0.9556525513006305 -0.7009480687639678 -0.6687298059319752 -1.2927651982112502 2.196153491738891 1.279586223727122 0.46614763406872256 0.7987766453304784 -0.3825592778462426 -0.1938261024993984 -0.706121076721044 0.14079829763773866 0.5681309936221633 1.6199971009618594 1.6265176603427356 1.051578508364897 0.0619706060952359 0.21951643333804
0.5729083191539066 0.5761594812079128 0.17017304453941395 0.1510562282506821 -0.7262265550429624 -1.0919703579149582 -1.640833169588193 0.5128089378816293 -1.4205986953258696 1.2089059980759265 -0.25675277145787134 -1.8533453235940658 -0.012501405790771367 0.4422307195604013 -0.237779873337817 0.09762251651761893 -1.3880625903577228 -0.1281129832860528 0.934629224536349 0.7835345009098931
0.5208925732400861 -0.41640544192934414 0.769420507506957 0.7876036433801725 0.4684481727900131 -0.9593921422265441 -0.16569490265259537 0.8260156254790957 0.2794601898225901 1.2470735478047021 -0.3650606927579519 0.7690307428039629 0.5560112690384259 -0.1215726419555597 0.06856882579421449 0.14406020324370636 -1.6412432958519712 0.7881287787961454 2.0664196532234933 0.39598686837020847
0.44109584713042566 -0.2094252536898421 1.323326723041399 -1.7258696115534857 0.7845380657236486 -0.9605149947065087 -1.1988091553420257 2.247171051382289 0.5409111103946844 0.8624700217226842 -0.18624379491544352 0.524338317243774 0.5980996065701197 -0.7474460191281215 -0.15691770954838605 -0.8978089792204821 0.9897424543178032 -0.25701580391979756 -0.06617192016593293 -0.8752848411617059
0.4450250660306063 1.180045753672885 0.019625506123412205 -1.3402834378051829 0.6142768813066583 -1.1739911765038045 -1.7402140472594247 -0.12345208908180498 0.7114199710717096 -0.9696218211153684 -0.3824688238316574 1.3387059849357437 -0.8013662200019374 0.8801029010413485 -1.1528948456458927 -2.819220902799591 0.7190988912290406 -1.1949446762176021 -0.10276510360738528 0.6375248189125661
0.34620158852606053 0.7723065867356115 -0.8485652733285329 -0.16497857318280132 -0.8249254046569542 -1.0491499203189723 0.8096036206773619 -0.6392673361245834 -1.742169010963583 0.9010514974465207 -0.18952386266914276 -0.8811896796173839 -0.6381396423212176 1.1868941762674843 0.07713679806945897 0.25843234084130123 -0.990246171308385 1.2359131399783412 1.5303076254933705 -0.08838921946773318
0.5513230216445347 -0.0653414315015816 0.9475037438399627 -1.4301551215448316 0.34623114493140233 -1.3517951234081538 0.09131846945098542 -2.375649889171476 0.25581473817425543 0.4610617137406057 -0.2597730463808375 0.26243725835962345 1.0678565879076536 -0.17094315219724346 0.2122331412065113 1.377646497214856 -0.08100793501125424 -2.3003373934113998 -0.38471725266260604 -0.8561286609701608
0.6420677329350357 1.4705664381131784 1.2143313004292837 0.15332931276815842 1.6645553705348621 -1.3920988500347156 -0.8210744441299146 -0.5000551643446652 0.9398171413587022 0.4775652850952564 -0.1449876309907304 1.7762360673420563 0.8663062983969537 0.7819755826871368 -0.6640425481588726 -0.053218048951553604 1.148019540800658 0.5227432325349225 -0.19414071918035158 0.2976464450272378
0.5820907495082377 -0.28791058211565845 0.6625718902320513 -0.3254954086812035 1.6594051700001464 -1.1270696241278528 0.8958448868135092 1.4444001201193482 -0.39387659176360723 0.46541495441572867 -0.2987231228689202 -0.3851831928539769 0.2033721681429984 -1.1179531168492851 1.3649802582471895 -0.15005212126898837 0.0387299179952009 -1.607357733574583 0.14510852230198146 0.951806157894576
0.7320618797492592 -0.9936770610464802 -0.3881905219933825 -0.27073004927719824 -0.9205668750922472 -1.1263600729457877 -0.16859100474397246 -0.12025535576726777 1.827044046683589 -1.0446587455801235 -0.339765760638409 0.17835056608064231 -0.5418072725523513 0.7041963265909204 0.16761916648575037 0.9711114840841041 0.4142756485177344 -1.116127920747222 -0.4750836329078667 -1.928456021614079
0.6316648951875553 -0.4017937422889294 1.2220072126145776 0.9712712858856775 -1.4490629432879116 -1.0985070461116218 -0.36883566165981696 -0.07571872314358422 0.377882474515852 0.27484480981633813 -0.3597838240570894 0.11068203263355407 -1.129808052226895 -0.7326164399486341 0.6579879859611064 -1.491118246951147 -0.42384596568658756 -1.425192599362973 -2.4260099098301207 0.021875810196783856
0.3856347745991717 -0.3213563206055707 1.0690545059264285 -1.1868782904650819 -0.4680553866154098 -1.2823284769218188 0.8005165909599543 1.1950054248681332 0.7133970039112125 -2.1049603646288357 -0.24246393430431912 0.898816009554158 -0.2813753906870857 2.0872045404470634 0.10093420277420691 -2.260763025181316 0.26294421988236377 -2.0507079702395408 -0.3914079719105969 -0.3511161190966695
0.5470597154144555 0.48714960376515715 -0.10887742502327002 0.13276335317331883 0.6469482648144297 -1.1979687345788912 -1.2405798672792363 -0.44697280703077097 0.9143457318564637 -3.2141936946752137 -0.335713283736509 0.004862486003702504 1.6350693930467173 0.6609354713628481 0.17571813224835112 0.598043703818716 1.3093803360435539 0.2729217247024075 -1.2032432393654486 -0.24645175191376112
0.5402999497744191 1.0655391481715957 -3.016294954675255 1.599990064752152 -0.4563349169030356 -0.991573253497034 1.4426680469039717 0.3172192196623036 0.08583938198759522 0.53515490552667 -0.2966419187658921 0.14854411580790317 0.09605995627327144 0.16118741647909157 2.2438781110269774 -1.4645276179157587 -1.2781366152035551 1.2181505007649083 -0.9321305016828854 1.8507071610763108
0.46356412132799835 0.8459235402276861 0.5007390160830794 -0.23227090367691836 0.7726757572426074 -0.8966087019376182 -0.7210986678444813 -0.20470966068625585 -1.5631734400128343 0.7593401997227718 -0.2154472908118768 -0.5544979534961202 0.9373463349179936 0.19820079602884264 -0.5580563301471493 0.023793087712476728 -0.5313976293536335 -0.5864047453283845 -0.7678239499961738 -0.1000829121051188
0.5522773329315234 0.703558382891016 -0.6197796011153234 -1.0719697947364 -1.3533078783552666 -1.1970140007505237 0.3388165447370959 0.10489358328928557 -0.27504428971746425 0.4287127100518654 -0.40690146900107327 -0.8585830211881951 0.706214030610479 -0.5118991212181958 -0.7704270315720969 1.2699736450861994 1.381060668413694 0.3043297195708405 -0.2250796148776464 -0.9663317355369341
0.5561834312475263 2.431431695988698 -0.28823872272976375 -0.8216934765708029 1.7005455347257827 -1.217081334816756 -1.1551165564305745 0.9457139976691086 1.230240409070152 0.34554179660289464 -0.27386023852766056 -3.1534490010880787 2.9039064019424274 2.318920869613242 -0.7793299114924002 0.205011606914943 0.6588678064539087 -0.21061846495404962 0.8162510045135751 -0.3498931017999477
0.45147580583793157 -0.439442384851608 -2.28130017274537 2.2230982554752736 -0.49637108811771286 -1.176314197575643 0.7256776740873304 -0.8241659500183922 2.038825836522117 -0.3672424296832335 -0.2613347414949411 0.4789546966239499 1.5789998266581378 0.8825483178398491 -0.09167837704975129 -0.11309612851599585 0.29184233743493126 -1.0859983886564932 0.45619919241293055 0.32751512764581814
0.6730483856965214 -0.6211751529688166 -0.32792468527062674 -0.06456956815251952 1.2593892458203497 -1.1059222805915878 -0.017689256530062588 -1.5255081709832554 0.6191945358620315 -0.5647903881727728 -0.26683537712040356 -0.3518265406645441 0.24479309837519814 0.3768720626819684 1.5315883554074197 -0.3947955490758995 0.813008879684201 0.36334408918565814 -1.1780775583774499 -1.2354441829864482
0.7295482868461689 0.6377785496883324 -0.9398571390467299 -0.44584475276800983 -1.058282060974211 -1.2220841481655145 1.7844480088760317 -0.8858766902523345 -0.9920027656366543 0.2798124088155493 -0.33503241268140893 -0.29283097291340027 -0.10071740474729707 -1.1078304679452642 -0.08510491075283237 0.8674900360924328 0.40213309545329406 -1.3594128265967758 0.3443427155969065 0.7122139898005738
0.4941040791754803 -0.2888089151206773 -1.414864855451512 1.5238359451194734 0.5460811044787357 -1.2406941245620076 -1.0104233294038283 1.1198542092521988 -0.0456149813024888 -0.2832843372821744 -0.33616199331671043 -2.0364054551865167 -0.959669453919128 0.8040436619503495 0.37784047306225704 -0.1877985696819725 0.07614407831337722 -1.3961691458117398 -1.5340799908073106 -0.20466736092398438
0.5641031814446652 -1.2719031983560918 0.05741505135273467 -0.37591032767975374 -1.52421961930148 -1.2223844977911047 -1.1393568723652876 -1.8142011258571669 0.052900404088931124 -0.7158811148886004 -0.2632826492951693 0.5559506916233894 -1.4672195955076848 -0.1675493125015276 -0.573057057923065 0.003687490029372759 -0.4510417732879705 -0.983776165886629 -1.5253632316559407 1.2903257059908069
0.5564630219996585 0.057927502791890385 -0.28112479943960883 0.3310716465428486 -0.2579394179109765 -1.1980640350744152 -0.49321597770336767 -0.30665240839217317 -0.056541756318689546 -0.9337276335605471 -0.2607931515003432 -1.0950901558664083 -0.008621877901539428 0.20017964191439935 1.2876008835670845 -1.2840905768503834 -1.085530941153162 -1.700994213446187 -0.26420183016496157 -1.829111774410165
0.6182902800308117 -0.4060630489027665 -0.31114535413436917 0.21306750399123456 0.9621948520398129 -1.0075990171773201 0.364161803617951 -0.2668586355671975 -0.9084268151896259 0.10674486032387578 -0.1924827450057588 -0.31521485235071667 0.202843248548515 0.24293083270485105 -0.765667914090081 -0.3149366497081519 -1.128406158105369 0.02153263663449474 0.9571968725115336 -0.9239533612024533
0.5274163141455838 0.21855169750110526 1.072367074079016 1.226112245081292 0.6042642259331119 -1.2948001153780166 -0.7464623010814524 -0.5192253640529764 -0.220385825277721 -1.5334786560395446 -0.3089679692955628 -0.7599947169953919 0.1908460871988449 0.7762387017521786 -0.5326852799117381 0.8793079517930594 2.1198055579101456 -0.5970542887471323 -0.6784326568550042 -0.5095910913192543
0.6461213251942781 1.3201310143968985 1.563488784342844 2.9701556174428214 0.9533845657462591 -1.2843477841462012 -1.1187758269927826 0.8407616001002516 -1.1788716358854652 0.7018393823464704 -0.2658629215779923 -0.23811183009650977 0.17720536775821366 -0.7851574820022822 0.7063087158886104 0.3114847033982257 -0.41140121146630054 0.2152545759683852 -0.140478626361158 -0.1482365519709021
0.4498526485379796 0.624827745769291 0.15071523101393108 -0.27260229226758265 -0.07178488212499379 -1.3722262793245927 -1.419896956787804 -1.071583517060246 -1.9309419960273173 -0.621262373690773 -0.2118532231462945 -0.4434224883566104 -0.3056825069700656 0.811017700941402 0.6489808358562374 -0.7112020483091698 -0.6134256808475661 -1.2967354844358319 0.9265668765158815 -0.6674971321040732
0.633725928068944 -0.529293865512772 -3.1813633515989044 0.058332688848863744 0.4969001029746037 -1.1174021280280295 -2.1612066648359898 -0.23963274405630539 0.6733293078478222 0.2605845891811349 -0.33777048388595887 1.3377224724722032 -0.09197803469903584 -0.9735841756082093 0.19857788228111137 0.06036554126646327 0.5632716008788888 0.09978535282940121 0.2293692558568632 0.5229818171894136
0.5364071902254403 0.8244002675394354 0.005735975163579857 -0.07293668574382631 1.1048240943036918 -1.115074301364716 0.9030047794830388 0.30289629714300004 1.480685231851375 -0.013666470272594137 -0.44043944607056706 2.415757509135383 -1.0077808118747844 -0.9892069314619285 1.6265063510910491 0.8246360508004357 -0.17529607831431296 0.4848742099705437 -1.4800229924563273 0.11948626120306303
0.5566941569619511 0.425913898717779 -1.5646590621103693 0.5895882063940285 -0.1566129478381535 -1.213907976554912 2.656400916768024 0.5795880673934518 0.22669675509175166 -0.6311998000973371 -0.35054451178642215 0.22063527166946786 -0.9844217267752682 -0.15088885902110588 0.12634249543179019 0.4565877355240888 -0.2373137460512176 1.8824832327115946 -1.7574159211144649 1.1803712273042044
0.4196472327416771 0.2403478450942892 0.16907662911414856 1.508234613865766 1.0493417877941082 -0.9370744224976721 1.7644538187037309 0.5483841651719061 0.8196013517447398 0.7554702378225397 -0.18227436998782165 0.4954443058954936 -0.06367578127452672 0.09561833894272251 -0.9167151208521592 -1.0261982616356837 -0.45878806530553873 -1.0437005957476522 0.045941982557997446 2.758072655601742
0.5853550615009935 0.07763979509179893 -0.316051457273913 0.5733136728048182 0.00454852787141479 -0.9661333595033039 0.5094404856043144 0.08925109948943762 0.10324627426411828 1.2774374611546517 -0.3807828201602091 -1.7245931843949227 0.006121779873871064 -0.7862462033322793 -1.4225096152755339 0.40070332281762 1.0010660790685406 0.6201489036116387 -2.388913000937217 0.5811471479761756
0.6551652767459374 1.421061529388159 -0.42292878341872353 -0.5674564479859897 0.3094438420422277 -1.1813038530139748 0.20382584804919296 -1.3003833532002342 -0.5412039260074347 0.40828685474734006 -0.2586548935543591 0.7409327825572265 -0.4009700799963911 -0.08816665397316276 0.7095289350004267 -0.7721453743488511 -0.7037022083074447 0.2538726592166403 0.489465079164354 1.236703344926229
0.4609146342465127 -0.5418551501601687 0.11348394505010984 0.3520904361646139 -1.145557267601183 -1.0585763875835117 1.442956256787538 -1.442276547985151 1.0082885174980984 0.25031453113430685 -0.30235859734594955 -0.2712780388290014 -0.39491067311739025 -1.4331571371902765 -0.6996959149945604 0.28598046012928385 -0.19117499280932868 -1.03304701030002 2.238648683810445 1.7214154686548713
0.5979088769857012 -2.4516391408252325 0.5305443807108066 -1.6959183686834622 -0.6127722558173008 -1.2764161449467806 0.6296426721057167 -1.090931211270361 1.3063880925338263 1.4998630556006114 -0.39918195827004826 -0.8334070027805847 -0.8330540890439861 -0.8710011785382566 0.33354301570649747 -0.1480569561527671 0.7931927493436286 0.5537771551127283 1.8785961166189395 -0.06378158552967018
0.3635453127048464 -0.9804798193173979 0.6437194540433564 -0.9936935342436026 1.9181983432575134 -0.9712765882226377 -1.4832931490404857 -0.44955427664332204 0.7827230991943344 1.4792048351715026 -0.1792084647699982 -0.8559984684734498 1.3548906300507815 0.9549811493031455 0.5002128235680995 1.1974655639142227 -0.3383135655739765 0.05729917682892986 0.921604109123751 -0.14468955658120605
0.5344362465382856 0.011197713593983919 -0.2755067320959014 0.6076233355030203 -0.5601989499382667 -0.9948046419032895 0.06237422848886062 -0.1633434911765029 1.6349454460818034 -0.9643103135765296 -0.263201606204681 0.29668664915361775 -1.1982681572421445 -0.7852162445337297 0.015258619880322502 0.5524975725709013 0.808033106748685 0.05484983571770314 -0.3146067207883289 -1.3744932529820992
0.5391350029695293 -0.7387448909120727 0.7317877850186 -0.4939515117492214 -2.0071972391721657 -1.0135788443765215 0.764343139947859 -0.640580993564697 0.09631346178494292 -0.30961239820806336 -0.36262727665806954 0.7684612120408865 0.1364680255390023 0.2595453440663576 -0.1669510079275194 0.6014837817109792 -0.7474745487320616 -0.24616170915886096 -1.071045113456604 -0.17769973850610724
0.5259651994189448 0.46518649122158034 0.8403263492719282 -0.9860093299043738 -0.6037383300143768 -1.1668715786673651 1.455022506457339 0.5207547336138847 0.2791025398424052 1.2117515328824895 -0.2054473941861091 -0.30169171018269136 3.422694451484768 0.07976509612168661 -0.4048393074760164 -0.7876572252096989 -1.2196079517915714 -1.556505678709309 0.013763438963541761 1.070294869507524
0.4576108585153029 -1.145838657985395 0.538857307009329 0.0499463180885382 1.4072355056130186 -1.0016427120837244 -0.8954370068815948 -0.00826823842725489 -0.957277196210583 0.8150327435589564 -0.39868183524159856 -0.7537439524158025 0.3811543767425786 0.7520124690241384 -0.6868374350006463 -0.795363709584089 -0.054472091849935934 -0.2917753924945447 -0.38730565883097196 1.3881291143729368
0.587088151729457 -0.2467909761972018 -1.8584822857890346 1.7355342720675366 1.6024012887714023 -1.118892667536228 0.4772414316240189 -0.14107434807664598 0.5285620462474401 -0.4451455743547723 -0.14435733034870257 2.664961473479132 -0.7755575559254142 1.5159559785286008 0.19640853478278553 0.27935545438571185 -1.8405591479681123 -0.3103520669262348 -0.12855268605422895 0.07326320228043409
0.550860666095081 -0.6015459388137252 0.8607389548470278 -2.2800931961606237 0.07333077212770982 -1.1875303046930044 -1.4877688615508224 0.6487232139522057 1.3592464467541456 0.64755420880296 -0.2745201232319428 -0.7415640469736781 -0.08367450086809718 0.5134287455455822 1.197002289813448 1.0029804410897483 -1.6040041199939947 0.1047262842208098 -0.27349247784221564 -0.07367639672142083
0.502851361519659 -0.5713453995660038 0.35609772312202237 1.017468634425586 0.5700129408761543 -1.2477096873922142 -1.4425666115544533 -0.7013692474310456 -2.3321987641318174 -1.7489566682145665 -0.2588925905692866 -1.1439570808488324 1.4330036442323189 1.288629935953334 -1.402758332418505 0.9193489326335016 0.5975032083496502 -0.0750323817705912 -1.6228054930957232 0.10254899282155117
0.506511939805971 1.1180743333588172 0.7852776648503544 0.04912036216683031 -0.018094036446965455 -1.0864931439756582 -0.40283749938041585 0.1855194058899104 0.35879694382507504 2.0661572369529266 -0.29427942239415034 -0.5331665654255409 0.7371528492702142 0.01944341607917222 0.07475040230336134 0.33133828475231275 0.6604155806123436 0.9533658772838043 -0.19708333610105516 0.8948446377839407
0.7183307217980598 0.6676648504160646 -0.8275205647899216 1.4751498520998576 1.3558985760409246 -1.2591036496383752 0.44586260149286283 1.645300095387546 -0.7883611595633115 0.141297458457925 -0.40245878950475683 1.127910080492412 0.012743425483427757 -0.16603640524153435 -0.7398393586476205 0.35295500738636254 -0.27253402733380494 -0.29395808261686873 -0.7727825117313094 -2.1815362513050176
0.5334576772177875 0.6858448781722248 0.8758988970860995 0.7886934967005079 -0.20245003692156618 -1.0542558733114147 1.3409192397736254 0.2705966579196626 0.5118828702419779 -1.0349174595319146 -0.31711235618437056 0.06373110907871216 -1.374641919861452 -0.7564397799785189 -4.045575962982024 -1.3915618405654424 -1.5242327710640435 1.1126800425683934 -0.33008172925915596 1.5785955286456803
0.4533005613659714 0.36138015602469953 0.1519297095851227 1.348310599055648 0.9123679674040458 -1.0823962101752886 1.7041097298078922 0.9338947618463171 -2.2916231799763045 -0.16731597782881535 -0.3091730413133197 -0.8044902394881807 -2.2468938642064122 -0.417770101276902 0.39852305017899037 2.0269925761413488 1.7866539627462839 -0.6400430526868987 2.0262882417910313 -0.8499557260457646
0.6536637931415036 0.6713666984192758 0.2702807026751418 0.5205173272292335 -0.9711213550525852 -1.0254090996508127 -0.9190098485904727 0.5680162151153662 0.24758201380587405 -0.2681419583221089 -0.30835300690837497 0.7391132159373967 -0.06515582690349866 0.4261635703910782 0.0937112410587585 1.0142630280304379 -0.6975298930676005 0.7836941429390333 -0.14953440776593185 1.4188204551556438
0.5938673326196354 -1.40570816135771 0.3616377461201896 -1.3285387776105024 0.35394351950799297 -1.2897960395088095 0.37516430305705617 0.06325578222151254 0.5967660511795183 0.16188160510008212 -0.4168039048453566 -1.257799551216077 -0.09468045843346547 0.42806872519284556 -0.12684848317121183 1.190119668782546 0.016512925298248434 0.8964951050414636 -0.5175060485333312 0.3312981725844058
0.46784883688663004 1.1712116037200337 0.10073901031313746 -1.3646671720256025 0.35806308706474943 -1.1719351793048347 0.9986639684783608 -0.6650054613195967 -0.29372597807693684 -1.8436476127295245 -0.3166833150353804 -0.5073135396482041 -0.1639881478601874 0.3991575210844112 0.6089144364499637 -1.617137875810591 -0.055126078541369965 0.6491217493059416 0.5347914376759336 -0.4421447836477167
0.5781699840838583 1.1484314250250267 0.14978311145408119 0.5285020803227071 0.3334148034865619 -1.2045270172233906 -0.8685306050210533 0.15090622730059047 0.012537792962114028 -0.22048345375269385 -0.33762082180093755 -0.7266195246641224 -0.3660337315070525 -0.635753403929534 0.042371870438618536 -0.024500207710500627 -0.08088735910864747 1.182014389017527 1.8672270345852218 -1.7184358148092798
1.4000559806568886 0.29193555651720493 -0.8785889152264481 0.002486921319569295 -0.1785846687547791 1.5718518220919513 -1.145646679156251 -0.40094233593063 2.1838108500687095 -0.006915946702995312 -0.21080465687809263 1.065628239575463 0.6643467024243617 -0.17159656869546983 -1.0724739270975105 -0.827108768592809 2.7598705476605194 0.5508348377126242 0.8743174591484463 1.0496763844587758
1.337820813757645 -0.2884440461339481 -0.4109161258471218 -0.23119586782386053 -0.8574236839188105 1.4552194288065572 0.9357390390274796 1.157044976230176 -1.3893009191218113 -1.9289539607612909 -0.4682102609721561 0.7780098183456254 -0.4370875345824315 1.1945032553165547 -0.49858022573164573 0.24652336184720547 -1.2637548352387182 0.8322993089632669 0.126152333410673 0.7175543418721263
1.3801966167497173 -0.20353559652840467 0.16296383184439578 1.1196436564918835 -0.3668943193602873 1.647810398384634 0.2559450006481594 -1.370420924423661 -0.18136035223690608 -0.7048802639809776 -0.4311504031594451 -0.14935804387167212 -0.025269157249570663 1.2810497452103125 0.6310912960499555 0.5374855921193744 0.9722059647057913 -0.3476355428654278 -0.23240431771458064 -0.10878989194668794
1.5667400128168625 0.4239052922185807 1.326335456214481 0.18359024390270162 0.7625698607045929 1.5079834322461685 0.6408783043522047 -1.2727139810690098 0.7261165120047567 -1.3200407954091 -0.2766769424809139 -0.34414523730057683 2.8106796919947694 0.37217885981015575 -0.13512040782354828 2.4362720310812422 -2.542838445889525 1.2047967831392408 1.3593819238809888 -0.24783878964393855
1.3245977665041648 0.04589150400317642 0.6678289219035518 1.8927529433085142 -0.11448516513669992 1.5236917758717707 -1.722097119372185 1.0428409046094687 -1.4250845976593698 -1.736663816615275 -0.19250023163275634 0.21906658674899587 0.26182674888040847 0.08282583393443589 1.1283714405934184 -1.912572724393381 -2.818669770219454 -0.42052703417316717 -0.24177347083571493 1.3947890354003234
1.3648850727216377 0.6899400014617416 -0.36434452521130395 -0.4563054610794306 0.25699805811171633 1.4107193635364716 -1.3326300582129755 0.17621625064580573 0.5113298706597447 1.753543309599087 -0.38326565045660743 0.9093049813737992 -0.13028159550096033 -0.28720976702019463 0.3243407655020037 -1.2518850718105505 -1.655983326077378 -0.4102730888811403 -0.2328267289736811 0.49320098734561035
1.3640156097522302 0.2798440257432709 1.8340913519381523 2.283739125987129 1.4572128173523942 1.665878115006597 -1.5565489455529342 0.21843280658603811 -1.9464737385063706 1.048177123766453 -0.43801061775000716 0.6208994142090473 -0.28504159561298126 -0.9530491104631991 -1.4324527366460496 -0.46891962928376174 -2.4329831453082016 1.8924822644665662 2.4096316916356373 -1.063539205041691
1.4402003689013647 -0.4631789531898549 -2.1055445399654027 0.7067518151474331 0.4909892461778001 1.7626729548603977 -0.03846595079323801 0.6225238080896163 -1.7365058370147173 -1.527133500302762 -0.3757581293506929 -1.1331915900717178 0.5902873946097902 -0.3626551155140643 -0.22667298571274738 -0.18606185005020442 0.442281197900766 0.3937395101289882 -2.149517886574187 0.5950011828486811
1.49521290536423 0.7271727597220072 -1.4462749647201176 -0.1606651946721832 -0.9349311031519398 1.5781938522936045 0.863079598345435 -0.3149378412429544 -0.6449068449230422 0.8399285318338068 -0.45563487472157777 -1.397063892453483 1.0543253213732526 1.0121506974364316 1.0821123630084757 0.5363895269030604 0.5254616045558312 0.3934778410952532 -0.2436287644489275 0.13384909558527622
1.364290167303376 -0.6300792964821214 -0.7504546037090971 -0.4382107341664361 -1.0473537453739534 1.494231577174782 -1.1125064123140986 -0.05528814195721413 -0.9313385033058336 -1.8022990846208644 -0.324534538662477 0.3905440539557378 0.024206758880787882 -1.2129677323574048 -2.1841173771555193 -0.8629010824070957 -0.7126545922280401 0.9619562796888486 -0.3851060860604019 0.506842174134325
1.334457046028919 1.2918111179854572 0.73616846584092 0.9709747605787372 -0.41217298133267943 1.3902309960382722 1.8310225793669777 -0.8861685960188153 -0.5072757199389875 -0.3990833668942931 -0.37464435076177427 -1.0768283794001077 -0.5259895584545199 -0.3947401155957717 1.5663732771995458 0.7904689884209642 0.15371827040003005 -0.9827466728583131 -1.8231674858802622 0.18863792792324122
1.45689319265038 0.13843414721799244 0.1298053492643943 -0.16312462109605547 -0.8238922575274973 1.6540848306970601 1.0768254013963328 -0.07061105901491793 1.0369938169033703 -0.04447234759852528 -0.232894106248615 0.2987513920256334 0.27253445673060855 0.25998039125023864 0.6492459521039939 0.5174577876521917 0.9954949268416216 1.6011752791393787 -0.4819501690489235 -0.9348061811573776
1.2941689505553722 -1.785093159425724 1.3971805664563814 0.28217620073701294 1.0323470307034999 1.4102720179017778 -0.26305432095463116 0.09661221896438887 -0.9477653508754563 0.18315470455967128 -0.24319735333546874 -0.056641614933744824 0.6094572044139045 0.5114084629797159 0.7104471502727092 -1.3003075919366285 -0.9658078380621462 0.8723699233364611 0.3917316163241958 -0.8903162460092553
1.640056286674197 -0.59475625122905 -0.028081610933650743 0.8115929619132577 0.5722979902872358 1.572326290228162 0.2920402708351623 -0.7604071832786025 -0.03266041557148085 0.5552197034431327 -0.554844099859261 -1.4366466811105545 0.6484834843580302 -0.3250372077570901 0.7506518830945815 -0.7398820951532835 0.15199360214916557 1.166314982517578 0.11071634810040526 0.7393743837242234
1.4688107023669588 0.33606822407554543 0.5998388008940772 -0.5850729167373313 0.4343266565725578 1.5559004031984423 -0.19988161112056363 1.1718616644807618 -0.05654628828138279 1.295918863369013 -0.44915011761340806 -1.6576210653372887 0.7316337997543423 0.7856121252242406 0.7550969486322981 1.0690302110773984 -0.4214181693911001 -0.01804369352528402 -0.05722742833428333 0.08239868216597152
1.3578185382369132 -0.9183795375876129 0.6252753564485649 -1.7765933189596197 -0.24279492882037612 1.4991408682923433 0.5280377699577187 -0.11957839421130856 -0.2474219713986486 0.5228967551074243 -0.36219100363390877 -0.17022438659896247 0.6068474565422677 0.534506415036891 -0.3846445731105464 0.29863581426883223 -1.0420245407892204 -2.9592662510721177 1.0874932211068358 -1.0971448677335442
1.4932507651362663 1.6653083081365039 0.39328496423517156 -0.039242605705598246 1.0924128222558447 1.6661040189200078 0.9902842254325005 -0.9541940562844979 0.4429871449231064 -0.6653778648251254 -0.3575273824204736 -1.5161469506820764 -0.937936085336161 -0.8401262470299368 0.7717943967759711 0.7773125509244198 -0.8472923899600482 -0.3165418411317759 -0.7414873479830997 -0.7461116118904109
1.5295295281225627 1.1414315691339219 0.1652575490137382 -0.8231899155276726 1.0045514222539607 1.4610280297787008 -1.1385824806550762 0.5632347374847941 -0.7588409183086736 0.9970780841560848 -0.43085383147693523 0.9649241631368584 -0.7843677547559195 0.4513269652429696 -1.2150779401960903 0.6903586440189866 2.1044148142598704 -0.6658540718211255 0.5937503447996897 -0.2883242816507049
1.3240042437993207 -1.4402018835250967 0.8047526909012468 -1.6169482337566397 0.7512888093900417 1.5264274032973715 0.004499852271817775 0.6053497496721346 -0.8309238368695195 -0.32289406290244227 -0.3627949488705246 -2.3093510976749347 -0.5178479377586458 0.09862794773290078 0.4214618842084423 -1.2387094528556089 -0.3423952956227182 -1.0775648693396662 -1.3001344319430828 1.0191074678428866
1.2336381104135619 1.94583169769288 -0.7412921300094192 0.8990986438800812 -0.1761822794723718 1.3965080038986821 0.756379227362068 -0.35320354959360617 0.3648624337889019 1.5775947457807826 -0.37654451841202125 1.2549102918664612 -0.6280326641719453 -0.8620515540202986 0.37286158926850826 -1.9630299000804308 -0.7479208462439816 -0.6874646438956706 0.6629469530249148 -0.19097088365062162
1.3389186459516675 1.3644071289825805 -1.028381571958399 0.2797115726532761 -0.3071869475292299 1.5274980254692048 0.5438348267756848 0.06407560612438187 -0.1856346636741174 -0.34318075993847047 -0.33039410775404565 0.09330412670438656 1.2945312519964365 0.8708104124737612 0.7451363524367642 -0.5779810435747308 0.8933819022158356 -0.6443458451574431 0.9395319959031833 -0.10455948244717796
1.4217628395636046 1.6650455582965868 1.5462193317229265 -1.2206749880061805 2.0719808795979215 1.3477877799175586 0.3513745448642148 1.5617707161318897 -0.8265993411614458 0.3622246841100504 -0.25657900723816063 0.7313994402688782 1.467927559144632 -0.9303470666411573 0.2711808924240046 0.1949745411228656 0.053842417645409944 -0.0258234611145261 0.3248585210582119 -0.09801067995960408
1.4057800631791508 0.7187446740512716 1.2329264125594206 -1.5545768507919933 0.0764932582407099 1.336884341747864 0.14661832768946775 -0.5706350550004416 -0.6000262049037173 1.1113816389319169 -0.2946378779125532 0.2085097191814242 -0.6665834265447951 -1.1224148084211236 -0.6976022047492381 -1.0459936272484347 2.4090895800436924 0.22945383065980787 -0.3059056815362546 -2.6288943451826565
1.6087643897272164 -0.4825208372543632 -1.5046882022982535 0.6387052082816232 -0.90644190206093 1.4729766092416534 1.6393504545923892 -0.028546468696082256 0.623734184048122 0.7243905902718728 -0.32147012714254036 -0.19246028519811942 1.1400920426435819 0.5813925180241263 -1.5575100213295907 1.3031253085910348 -0.11136039184522374 -1.0161276298905577 1.771149628104037 -1.2050922034182823
1.4096639467581302 -0.8600992372606343 0.9987833991245173 -0.4860060046551454 -0.3102696979935781 1.6207675558987902 0.6075767075342513 1.4810977863755794 1.7940897224195365 0.011170039669771415 -0.41911602237580203 -1.144266912527637 1.1173876478479903 1.1678619012215634 -0.5857065916601324 0.06691622189692696 -0.34473515779121605 -0.047928075398226334 0.39242082034458337 0.19305748592116218
1.2138421625823876 0.3719184175225179 -0.5051606935458511 -0.7771557403634546 0.13100652680380362 1.5233400001079496 -1.7937289457328125 -0.28883450164427377 -2.0341989996905263 -0.33811665366044363 -0.3172286208657593 0.9968664492459111 0.8385552041638146 0.34608159576319003 1.1481627299537143 0.4654361906336727 -1.534450984232731 -0.19671505404821676 1.4029012354853476 -1.1009075624662565
1.5303351521171649 0.3372285353193126 0.7604213333311091 -0.46464082431492354 -0.24374226350265338 1.4989695392430888 0.7204387113238399 0.5939270039752804 -1.7146806066341356 0.08623347389910155 -0.3165282256033445 1.3121751383811187 0.23088413721125378 -0.2855714235650231 1.5928962593051532 0.06266444907305223 -0.7873575891703938 0.44763089041466103 0.12019297718741877 -0.26311719953031515
1.5214889174115707 0.015651101581508217 -0.38312067475605743 -0.559067799925412 0.4844263606605066 1.6907641834248637 0.7471430203502339 0.8913717780744991 0.4423628875460202 0.35883489812019465 -0.22660391034340444 -0.8427347434557689 -0.3929762226751571 0.31452816079197493 -0.2636653844532254 -1.690112231375445 -1.2769234487670675 0.23431529104629276 -1.4836005598759903 1.9148768861068688
1.4048740603195649 0.7996536901184688 0.6071958234755132 -0.36906223222817064 0.9067685939440888 1.5453157972306597 -0.4749924546287413 -0.9405174524905405 2.1895103849921576 1.1260593531525513 -0.36249609480230827 1.8638557670961728 -0.5512840282912891 -0.3372782255854021 -0.08226347665796485 -0.6019113616015425 -0.2307414856532646 -0.39614210971934366 1.1565290278377947 0.44497263325240105
1.2935424438792915 0.0640424017732865 -1.027022767071103 -0.15689175665181565 0.8108606907727267 1.4519463315383476 1.3063812240507715 -1.1450405925931475 -0.0756019532322788 1.5062139542582444 -0.4592466872709002 -0.5572200019538976 0.30946430646889456 -0.49163447520125847 1.9822595505021419 0.41204949349810066 -1.7701346087813614 1.0027776369909134 1.0643848853320754 0.2344496238592762
1.2086468636374712 -0.5057311282260264 0.8482789966098402 1.3512414016157865 -0.5023881152210269 1.5840553679541294 0.9330532907410457 0.525717931194633 1.7317594876504172 1.0367869929963613 -0.2631989184759783 -0.8650112590350328 -0.983089645830912 0.5257072834825864 -0.31114635143494546 -0.3642035857710351 1.4029892213117963 -0.32358009983054953 0.612877520928157 -1.2465675410675732
1.2569354163513475 -0.49696780423910375 0.1637152873816798 0.6179897498311123 1.0853237984022481 1.4286500537758124 -1.6639646308933824 -0.9715111442790528 0.35898866432681253 -0.3583502923881937 -0.48391649849903673 -0.20421310650790464 -1.1279484335823695 0.10646751908859037 0.34820906465719353 1.8903594325428756 1.4044027234856729 1.541873913224932 1.3482840281548893 -0.47974307997228754
1.2472454547626752 1.2075841488884131 -1.575173038535752 -0.2540300305051592 -2.000493351573959 1.6136450725570735 1.2758936973072186 0.8791085703135451 2.2818671355503053 0.7713414071847585 -0.32480652335986515 1.0417187143143785 -0.23078402186262767 -1.6351601525528179 -1.7484552557433837 0.3906464225533052 0.7027109780557821 0.6772645343031604 1.0645287257820115 0.661474331522599
1.2896269712229094 0.8872517299743667 0.17164548693327747 -0.7908118950996004 0.1163043141936654 1.735025530344428 0.25751578722512675 -1.9715923437073437 -0.30209512946342343 -1.6984061419279362 -0.3257727278167985 -0.5985230318111749 -0.4598496265265285 0.6344947895382576 0.03927404573316917 -1.0251792803178141 0.6168123692436662 -1.0829178079801982 -0.053233753232063 -1.0996393300696832
1.318278599281153 0.246023745327905 -1.785291723221683 -0.049564409523256164 -0.1637422603194917 1.5593299627023072 0.10142660479169978 -0.6329222553840073 -0.6942248360229926 0.7687589678441937 -0.4153999571186171 0.13802458782351248 -2.3564064850639053 -0.5146738076363484 1.271395495126584 -1.1194834172016432 0.23787463805502107 1.0968312834535392 0.6520820467604866 0.2868590227601316
1.3350837065143464 0.08367271193906652 -0.08796707221848488 -0.918803320039898 1.5955951726162834 1.5433032403345799 0.1520343783144318 0.2434839690889575 0.8727623980058966 -0.31030416988128734 -0.386928230539606 0.32416122288595084 0.00781828186755855 0.34228621018390143 -0.289720210520961 0.7664202876981457 0.45180999547656864 1.1979440036144002 -1.6720014533448797 -1.2777121187893394
1.4987872187366151 0.2876338076630782 0.8636113933407096 0.28993559297602955 2.450943176439261 1.582234963433554 -0.737719918680101 0.5010799918546287 -0.9583010341962034 0.6039784841345508 -0.41872482580085835 -0.06847226048513667 0.22239717293397723 -1.409011679131138 -2.2475201095228496 0.7903053452391017 0.15649644284250536 1.1628247315638733 -0.3388846145144898 1.6044174395107356
1.4525174266716645 -0.5989642157292251 -0.3039958135349672 -0.23588674898419423 -1.7478507046811627 1.5719841826984735 -0.22349518800254684 0.1043766468278238 -0.6073988583809551 -0.13219935336981992 -0.46895753960382613 0.458787193277277 -1.2182977218847715 -1.7523268547639093 0.9686917926830318 -0.626259710201906 1.8995376580532917 0.09813709331738901 -0.42301326335333495 0.6112753539072238
1.3130842177318147 -0.7379429253456182 1.1283360655448527 0.5884844345559218 -0.6471149948084924 1.596890729917526 1.997651507000198 -0.15416212137127352 -0.5875425487562724 -2.036468700887715 -0.37788712378783723 -1.0795100352483744 0.21463578673802408 0.21496139242153633 -0.05204907557825027 0.7213537240526962 -0.3223816540663521 0.22252811992685653 -0.16346258229408347 -0.8294698276018405
1.641829550433709 0.538732618955845 -0.6491502815727505 -0.335366436255681 -0.4515343996207852 1.5244200653903244 -1.2902449492878911 -0.45479465253601925 -0.16910068250635915 0.3185119530601716 -0.5213124136255053 -0.9315994280267516 -0.6763402858211333 -0.1515689003879149 -0.6215306688986802 -0.15241568212551046 0.8784489520865857 -1.0121911133054056 -1.1070545931980422 -0.6582524360008766
1.3983031214820145 -1.5433501328120625 0.0016729063552018701 1.8324513113017415 0.9006744900723602 1.5201702508317225 -1.287170080813379 -0.7477030530427876 1.5616308507985477 -1.4770833740977294 -0.33098342131213965 -0.4061104901915509 -0.757355419595486 0.8191407597531565 0.6429443456416806 0.3364290538138767 -0.15882992606052412 -1.86937981540208 0.18538025394393434 0.8170463851310439
1.3369230720773808 -0.4946807125081414 -0.3292896001843886 -0.6947698570874492 -0.8230870701889811 1.5644727214092489 -1.5760295247061182 -0.35946676612151024 -0.2120025716972664 0.6426544086462355 -0.2076755528891967 0.20265970353161608 0.9572126279541523 -0.43436891265908334 0.8525176542830075 -0.5762408545515232 -0.8682024071330461 0.5728034429831836 2.490708854008528 -1.5040442313517548
1.2451189786397938 -1.1346433273132186 -0.2704201945382357 0.510144685323565 -0.5001910946040622 1.5611594325504479 -0.26397040566419105 1.3365700978272081 0.8924452834717449 0.8885434806579404 -0.38186218177139963 -0.2634272730671683 -0.32814611694376594 -0.3384446519652952 0.5279397318611707 0.6260829048588751 0.8677904244508099 -0.4087175234461265 1.018558569305252 0.10081149215851207
1.2195658280172508 0.35314534657730323 -0.3471092488915021 -1.7644131591519139 0.5964736390174117 1.3957000095057635 -0.2821603262393975 1.1782690998127272 -1.1125468437389474 1.6987343250005762 -0.3456573705994912 -1.4805051310267596 0.006948698253890453 -1.222661761253329 -1.8239192846652146 1.4620019823702706 1.308353236969654 -2.0217819447045113 1.286020640073993 0.3429057334215264
1.4551954342761055 -0.7179993271436164 -1.8309806279408734 1.6346188479590174 1.508738531854585 1.5914607052108254 1.0695686966321023 -0.5219683741919429 0.0510419009855562 0.7591990363868737 -0.3913800961682794 0.4596630138312317 -1.176752684633907 2.4999416522055715 0.19745843400021867 -0.3463616163347185 -1.279295733986768 -0.9559593712441119 -1.060862987739733 0.7905007842323164
1.5278021913915654 0.20627188510206604 -1.5677578469398417 -1.3041112438413465 -0.2680420972592479 1.646444175044826 1.370620039494391 0.5953276254591009 -1.2861254140278342 0.22983773897955706 -0.32113420546338484 1.200192451365538 -0.48672785675148156 2.4411745493576253 1.8402165732729732 -1.0513560664508381 0.33801125295958157 -0.3277350211514479 1.094506087539483 0.13780331460914128
1.3559853718184083 -0.7171233287463471 0.21135523368298445 0.7843283888316834 -0.129627262917844 1.318541715134615 0.6112326916250376 1.5691297033091864 -0.5560793214845683 -0.5982036595391265 -0.20386997971046145 0.36179299821249145 -1.4304211784288265 -0.06583085963726641 0.5817541891109057 -1.18876922918882 -0.6578907093103528 -0.13149073590702381 0.7686982150892702 -0.11040628154993234
1.3830754764704059 -0.2564580761032109 1.4726168781732165 0.3231360079270663 1.4429622461428475 1.2899759547776641 -0.4785281977020828 -0.15331975043751528 -0.7697942344727523 0.5838812602209121 -0.3194343211162513 0.44282077726441554 -0.33767358333016395 0.23239463669537802 -0.8425205493867177 0.10119733925914125 0.7718643682044937 0.9168362199841137 -1.8909198326393781 1.5469363799203175
1.2410412926936603 -0.07652155132455618 0.4842650268636276 -1.2471375652192087 0.6651350752572648 1.3612498220833542 -0.003578178026523708 0.8682941055624852 -0.48332819428682194 -0.305074045259335 -0.2564931221380633 -0.7280711889598452 -1.3223165504774208 2.4378612923757563 0.5164188540268723 0.9450463460743521 -0.3452552296104567 -0.5945866699801913 0.46349323007995996 -0.6043855513857157
1.3136953913035383 1.472865235303884 -0.5173723407448595 -0.8201258722076396 -0.8774484155065161 1.3359124683120518 -0.5601236209314471 -0.3820950977764304 0.2725655892858304 -0.402213972969952 -0.38903354773568977 0.023767276892383678 1.0410397460906073 -0.5804296842652594 -0.2104062207059494 -1.883023282798473 -0.39854894750221065 -0.43548553437506143 -1.577440291329707 -2.044817247062724
1.229782577976098 -0.19843460340529726 0.5119519720029457 -0.8936431395448203 -0.36607176351175164 1.5171732442705206 -0.03855089533729177 -0.22378715381856912 -1.2285286812663263 0.4252819847151007 -0.22698023236001197 -0.2589913272300807 0.7887928108039738 -0.02840051685734805 1.6535118296416718 -0.501761165863648 0.5378182629463312 -0.4143148225107773 1.258518927943691 0.48201394636000794
1.047890890384725 0.006118260789357553 0.7323162894964369 1.0952234637323985 -0.21512804520402995 1.4763351285649906 -1.6507082764415053 0.1374223632618815 -1.3411044864054806 -0.31670043184583446 -0.3172445818686224 -1.108214137421249 -0.9571572083422416 0.4615082044376241 -0.14315755905727426 1.9254379494245633 -1.4058141689161132 1.3151515507832465 0.12600783026088908 -1.2586725878352318
1.2052247912794738 -0.41945433584496894 1.1389784301717532 0.5803488005721303 -0.18131863807613377 1.5601582623572314 -1.9656062328956758 -1.3527440864832685 0.08267474969813773 0.9209600657425498 -0.37369856991152245 -0.9241379978235219 -0.32789352743198225 -0.053957305198422185 -0.6636937363656528 0.17314785646997463 -0.6963603769803643 0.8060803073494919 -0.8593502997167368 1.3224609965816205
1.3582573718740187 1.0221622279296794 -1.4306500913650457 -1.0869045250600915 -0.21564633499958444 1.5612552979434815 -2.3063114987844915 1.1124809828201487 0.02433999211451384 -1.2505844563467956 -0.28083187282507355 0.9617671352237201 -1.1094172364203545 -0.40800697944007025 -2.853396180894317 -0.8277394819842351 1.5530170926999975 0.5241477955623671 -0.4308176882334416 -1.5613072757919384
1.3333913064189455 -2.3232823021430486 -0.8577615111146242 0.19183950981138886 0.7143657504266092 1.5544277777358786 -1.7099930412515656 0.07563061788419129 0.8381256653615492 1.5193346976646025 -0.3840105320426755 -0.03898432005331731 -1.1253428879747762 0.04632495744513042 0.4339556886148042 -0.22211475692860963 2.2289602116952936 1.6502659084485376 0.716918480430283 0.34570248548434723
1.152540670797855 -1.0961964834704288 -0.13313189102887152 -0.9350811541951604 0.25894734819295556 1.4581782194203619 0.0032061229685474246 -0.6095529843495321 -0.7025927759434687 1.166999959267805 -0.2883195316893981 -0.23081097089153615 0.9505414874748428 -0.76502157849269 0.7780375858655442 -1.5807163391678787 0.24044845055037725 1.8223920164909515 1.0291984433496213 -0.5543104089884663
1.4464747175807096 1.0923425866091323 -0.5970734102149192 0.863180247103972 0.46078733917481995 1.542706564006928 0.9458455868179172 1.6933414298333271 1.8462338989137657 -0.7846476022340898 -0.41925341022931356 -0.8566885718748398 -0.9660648143965657 -0.6606367103569661 0.30108031352832504 -0.8996787253283031 -0.6977083697983469 -0.5112808567805966 -0.31025877830686766 0.891675980414574
1.1421377746952237 1.2738483297043974 0.8030179914958974 -0.8513271349600293 1.2174488320792287 1.2967750936732119 -0.3684545605165924 -2.1375354583151975 0.05512529421015153 -0.3129272405952921 -0.5378377538687945 -0.5181817580001343 -1.0926986391287843 -0.8855745427771603 -1.331008152424883 -0.0334063189914618 0.3403609400829356 0.5400941618888541 -0.6089616350278991 -1.6143433058243257
1.431499524596975 0.9023147651748926 -1.4184695157634926 -0.10675702405633863 -0.29949760798194763 1.5071850147424861 0.17183022709484502 -0.7800596280612523 1.3188136367105934 0.36881493752617034 -0.187616736873881 -1.4769801825066509 0.3734086662762854 1.0467857961617015 1.0934677923688698 -0.779359674495763 -1.7470980517113537 0.435109634048606 0.1482520803796061 -0.027886304449334987
1.6056883555835177 0.9052899825537775 -0.4842512797479377 -1.0477397695212824 -0.33798698919910064 1.6337212228688052 1.1218948086208962 0.636201180979787 -0.6064831713530369 0.7720818104365563 -0.4151935544766971 0.8378951241633793 -0.005308004974593946 -0.920443047317935 -0.08720115838507705 -0.7833846706227324 0.29047696729065525 -0.8767081714330067 -1.286800333195192 -0.9221237292768404
1.1943618102033269 -0.8846996181120538 0.13724664738041817 -1.3360063345323903 0.32193632544416245 1.3170570463070517 0.5500214930811936 0.1692402483314349 -1.5201021429544643 -0.7766670196132041 -0.26967281278999683 -0.5215979319345728 -0.6665488538109994 0.3164673818870958 0.9573786519960017 -0.5019186267457018 1.8582310172732164 -0.5590221855204052 -1.058922317840282 -1.2222988575857394
1.2541699370881152 -0.603426040300951 0.6938008185874219 -1.1120999882154434 -0.028618738704309418 1.5320353963153464 0.28514004678067656 -0.2132157660795641 -1.439301962922841 0.06706258456218252 -0.23172673247062195 -0.3606991087536653 0.15735834186141975 1.182803197997852 -1.055394216153009 -0.11546529481571448 -0.6120913717218798 -1.2302487087331935 1.0182412746539884 -0.06213590228049767
1.4966132385787398 0.9762850270494282 0.716947077446943 0.3251578502047962 -1.1419868032971205 1.5605864876996252 1.6931726341905282 0.9041884252835898 0.04702148082207229 1.233763612762924 -0.4312793219814736 0.5756172968502541 0.5531452134386312 -1.3602391471081563 0.8168776206629915 0.32090683068075604 0.019259684757844175 -0.0286972068786242 0.3672464841408334 0.250214264749655
1.3622520440953338 0.26735850741126577 -0.3181823329715656 -0.2646893471328877 -0.40240409306423647 1.5352208965283412 0.052114013313247706 -0.11147467366514653 0.08898118896934183 -1.5066555647333717 -0.5349738716809126 -0.8196264083996809 0.4480711331574966 0.5919733831416801 1.0375246675340482 -0.5986636514846844 1.740561875110774 1.1301082131431934 -0.6733761864674398 0.24750701296824443
1.4398844493230472 0.28437077737828925 -0.003961156217506616 -1.0359232722678071 0.9044105651864051 1.39725117384855 0.011003326784936889 0.9625670635001902 -0.8544340855147434 -0.8163055808704386 -0.39681564591092094 1.85708977924919 -0.5873533406754968 -1.356915310993925 1.2654991247079581 0.15996889132112935 -0.5558296878458225 0.9492065098941859 -1.177129147944058 0.2109337927272012
1.2673573993084786 -0.5115621607038917 -0.3421708959392848 0.3939652616474382 -0.014486702754526976 1.420731989624858 -0.6559951617675797 0.4386781868969935 -0.7498378899205 1.5357393850335932 -0.24711206874900918 -0.24434193722857542 -0.45650002340926726 -0.6149828187244907 1.1879817324935988 0.13802902298000544 -0.30606240969977255 -0.5634363599212558 -0.2637350233532409 0.5956322824735822
1.5451354844938145 -0.9038382830364402 0.15819856585237116 0.015246200154118088 0.39928410095597927 1.549771433313949 -2.8987134666967536 0.6076687681494115 -0.3564194726487194 -0.6252561442167396 -0.28073622760801664 0.47101254316052915 -1.3919291871547432 -0.08400182748665451 0.5176438835398489 -1.3662094654647339 -0.5581738707550689 1.9000146807209228 -1.9658456924737295 1.0304856864589789
1.1448146888804058 0.28579284188068216 1.2898899233315069 0.04454335905098058 0.7286154602382612 1.3521469678038343 0.5638932670092935 -1.4058443659841247 1.1207104528246263 1.2641931985969737 -0.1756664900371883 1.89538936947637 1.6087170345202702 0.14871626115917974 -1.0712115201710735 0.8891559360997029 -0.5668335636574936 1.4011363081630603 0.7858678396460355 0.68981630333713
1.3406627124945323 1.445938916601034 -0.5105550131387305 -1.7238140087367886 -1.3376792935063624 1.3075443092127867 0.7030961738463631 0.5097991047827247 -0.4712642867650773 -1.5669855503728596 -0.41740299301788003 0.8728267092908876 -0.3387340650197204 0.6484055445582486 0.640473816867977 -0.4537508183245902 -0.09201783590700699 -0.5997630315308596 0.6754046715966348 -2.5556953314543907
